SPEAKER         id       #SENT      #WORD       Corr        Sub        Ins        Del        Err      S.Err
w01             raw          1         10          0          0          0         10         10          1
w01             sys          1         10       0.00       0.00       0.00     100.00     100.00     100.00
w02             raw          1          9          0          0          0          9          9          1
w02             sys          1          9       0.00       0.00       0.00     100.00     100.00     100.00
w03             raw          1          9          0          0          0          9          9          1
w03             sys          1          9       0.00       0.00       0.00     100.00     100.00     100.00
w04             raw          1          8          0          0          0          8          8          1
w04             sys          1          8       0.00       0.00       0.00     100.00     100.00     100.00
w05             raw          1          8          0          0          0          8          8          1
w05             sys          1          8       0.00       0.00       0.00     100.00     100.00     100.00
w06             raw          1         11          0          0          0         11         11          1
w06             sys          1         11       0.00       0.00       0.00     100.00     100.00     100.00
w07             raw          1         11          0          0          0         11         11          1
w07             sys          1         11       0.00       0.00       0.00     100.00     100.00     100.00
w08             raw          1         10          0          0          0         10         10          1
w08             sys          1         10       0.00       0.00       0.00     100.00     100.00     100.00
w09             raw          1         12          0          0          0         12         12          1
w09             sys          1         12       0.00       0.00       0.00     100.00     100.00     100.00
w10             raw          1         12          0          0          0         12         12          1
w10             sys          1         12       0.00       0.00       0.00     100.00     100.00     100.00
x01             raw          1         10          0          0          0         10         10          1
x01             sys          1         10       0.00       0.00       0.00     100.00     100.00     100.00
x02             raw          1          9          0          0          0          9          9          1
x02             sys          1          9       0.00       0.00       0.00     100.00     100.00     100.00
x03             raw          1          9          0          0          0          9          9          1
x03             sys          1          9       0.00       0.00       0.00     100.00     100.00     100.00
x04             raw          1          8          0          0          0          8          8          1
x04             sys          1          8       0.00       0.00       0.00     100.00     100.00     100.00
x05             raw          1          8          0          0          0          8          8          1
x05             sys          1          8       0.00       0.00       0.00     100.00     100.00     100.00
x06             raw          1         11          0          0          0         11         11          1
x06             sys          1         11       0.00       0.00       0.00     100.00     100.00     100.00
x07             raw          1         11          0          0          0         11         11          1
x07             sys          1         11       0.00       0.00       0.00     100.00     100.00     100.00
x08             raw          1         10          0          0          0         10         10          1
x08             sys          1         10       0.00       0.00       0.00     100.00     100.00     100.00
x09             raw          1         12          0          0          0         12         12          1
x09             sys          1         12       0.00       0.00       0.00     100.00     100.00     100.00
x10             raw          1         12          0          0          0         12         12          1
x10             sys          1         12       0.00       0.00       0.00     100.00     100.00     100.00
y01             raw          1         10          0          0          0         10         10          1
y01             sys          1         10       0.00       0.00       0.00     100.00     100.00     100.00
y02             raw          1          9          0          0          0          9          9          1
y02             sys          1          9       0.00       0.00       0.00     100.00     100.00     100.00
y03             raw          1          9          0          0          0          9          9          1
y03             sys          1          9       0.00       0.00       0.00     100.00     100.00     100.00
y04             raw          1          8          0          0          0          8          8          1
y04             sys          1          8       0.00       0.00       0.00     100.00     100.00     100.00
y05             raw          1          8          0          0          0          8          8          1
y05             sys          1          8       0.00       0.00       0.00     100.00     100.00     100.00
y06             raw          1         11          0          0          0         11         11          1
y06             sys          1         11       0.00       0.00       0.00     100.00     100.00     100.00
y07             raw          1         11          0          0          0         11         11          1
y07             sys          1         11       0.00       0.00       0.00     100.00     100.00     100.00
y08             raw          1         10          0          0          0         10         10          1
y08             sys          1         10       0.00       0.00       0.00     100.00     100.00     100.00
y09             raw          1         12          0          0          0         12         12          1
y09             sys          1         12       0.00       0.00       0.00     100.00     100.00     100.00
y10             raw          1         12          0          0          0         12         12          1
y10             sys          1         12       0.00       0.00       0.00     100.00     100.00     100.00
z01             raw          1         10          0          0          0         10         10          1
z01             sys          1         10       0.00       0.00       0.00     100.00     100.00     100.00
z02             raw          1          9          0          0          0          9          9          1
z02             sys          1          9       0.00       0.00       0.00     100.00     100.00     100.00
z03             raw          1          9          0          0          0          9          9          1
z03             sys          1          9       0.00       0.00       0.00     100.00     100.00     100.00
z04             raw          1          8          0          0          0          8          8          1
z04             sys          1          8       0.00       0.00       0.00     100.00     100.00     100.00
z05             raw          1          8          0          0          0          8          8          1
z05             sys          1          8       0.00       0.00       0.00     100.00     100.00     100.00
z06             raw          1         11          0          0          0         11         11          1
z06             sys          1         11       0.00       0.00       0.00     100.00     100.00     100.00
z07             raw          1         11          0          0          0         11         11          1
z07             sys          1         11       0.00       0.00       0.00     100.00     100.00     100.00
z08             raw          1         10          0          0          0         10         10          1
z08             sys          1         10       0.00       0.00       0.00     100.00     100.00     100.00
z09             raw          1         12          0          0          0         12         12          1
z09             sys          1         12       0.00       0.00       0.00     100.00     100.00     100.00
z10             raw          1         12          0          0          0         12         12          1
z10             sys          1         12       0.00       0.00       0.00     100.00     100.00     100.00
SUM             raw         40        400          0          0          0        400        400         40
SUM             sys         40        400       0.00       0.00       0.00     100.00     100.00     100.00
